-0.980685	0.00097112		1.5
-0.771995	-0.00102152		2 
-0.563305	0.00906965		3   
-0.354615	0.01404316		4
-0.145925	0.09012			6
0.062765	0.30171582      8
0.271455	0.99627084      10
0.480145	1.3690832       15
0.688835	-2.99681171		20
0.897525	1.65463068      25
1.106215	-0.59399277     30
1.314905	0.22329813      40
1.523595	-0.10119309     50
1.732285	0.05186135		60
1.940975	-0.02748647		80
2.149665	0.01384932		100
2.358355	-0.00599074     120
2.567045	0.00190463      140
2.775735	-0.0003216		160
							180
							200
							250
							300
							350
							400
							500
							600
							800
							1000